1611,3,0
3480,3,0
3354,3,0
934,3,0
2770,3,0
3260,3,0
2761,3,0
2272,3,0
518,3,0
2581,3,0
419,3,0
4461,3,0
4971,5,0
3739,5,0
1933,5,0
630,5,0
3315,5,0
3102,5,0
4054,5,0
1641,5,0
2849,5,0
3242,5,0
1534,5,0
1949,7,0
143,7,0
3326,7,0
379,7,0
1912,7,0
2445,7,0
3997,7,0
3272,7,0
2637,7,0
2268,7,0
4041,7,0
1393,0,0
3047,0,0
4391,0,0
345,0,0
1058,0,0
3427,0,0
3241,0,0
2437,0,0
2140,0,0
1140,0,0
497,0,0
2735,0,0
3066,0,0
3083,0,0
1041,0,0
1752,1,0
2764,1,0
141,1,0
3341,1,0
2726,1,0
1736,1,0
4012,1,0
4440,1,0
4266,1,0
4018,1,0
2538,1,0
391,1,0
4113,1,0
1294,1,0
4060,1,0
800,6,0
3631,6,0
3426,6,0
4844,6,0
1945,6,0
1264,6,0
3267,6,0
3381,6,0
3503,6,0
915,6,0
3178,6,0
2345,6,0
2897,6,0
2893,6,0
946,6,0
3388,2,0
2924,2,0
1143,2,0
1998,2,0
4769,2,0
526,2,0
1985,2,0
237,2,0
3969,2,0
2620,2,0
3514,2,0
4173,2,0
3875,2,0
2282,2,0
2642,2,0
1270,2,0
2802,2,0
3227,4,0
2496,4,0
3607,4,0
3582,6,1
3633,6,1
164,2,1
3522,2,1
4051,4,1
4208,4,1
2085,4,1
3908,4,1
4477,4,1
3771,4,1
1795,4,1
4488,4,1
343,4,1
390,4,1
1202,4,1
2287,4,1
2206,4,1
2111,4,1
922,4,1
2486,4,1
1310,4,1
1072,4,1
3274,4,1
2290,2,2
4950,2,2
768,2,2
1791,4,2
4564,2,3
3577,2,3
1848,2,4
1588,2,4
963,2,4
23,2,5
2767,2,5
2871,2,5
1865,6,6
653,7,7
1172,2,7
2604,2,7
2419,1,8
3285,1,8
4334,2,8
1620,2,8
236,2,8
3959,2,9
4198,2,9
3033,2,9
1213,2,9
4983,2,9
2159,2,9
4718,2,9
4995,7,10
873,6,10
816,2,10
4784,6,11
55,6,11
3262,6,11
3735,6,12
574,6,12
57,6,12
2446,6,13
3333,5,14
4026,6,15
3973,6,15
990,6,15
2786,6,16
1827,6,16
2988,6,17
1307,6,17
294,6,17
2304,6,18
2680,6,18
1691,6,18
4968,2,18
2819,1,19
2223,1,19
4668,1,19
982,1,19
4778,1,19
4438,6,19
2562,6,19
3110,6,19
1391,1,20
3313,1,20
4261,4,20
1494,4,20
1048,1,21
4084,1,21
3708,1,22
3961,1,22
4213,6,22
112,1,23
4439,1,23
2794,1,24
3375,1,24
4027,1,24
2501,2,24
3657,1,25
3027,0,26
1359,1,26
2611,0,27
2913,0,27
3105,1,27
587,1,27
2541,1,27
1243,5,28
3782,0,28
3812,0,28
794,0,28
3093,6,28
732,7,29
60,0,29
3839,0,29
814,7,30
4095,0,30
2093,0,30
2316,4,30
3252,4,30
1027,5,31
1324,0,31
4492,0,32
1481,0,32
4949,0,32
877,0,33
3802,0,33
90,0,33
4449,6,33
3744,0,34
3263,2,34
4540,5,35
4274,7,35
2855,3,36
970,7,36
4812,1,36
1245,4,36
4869,7,37
2051,7,37
4759,3,38
2751,3,39
1351,5,39
1646,7,40
1483,7,40
438,7,40
4093,7,40
604,7,40
1358,7,41
1298,7,41
769,7,41
2951,7,41
4853,0,41
3780,1,41
1908,2,41
2451,5,42
4996,5,42
483,7,42
4905,5,43
1238,6,43
1713,5,44
1344,0,45
644,0,45
4167,4,45
218,3,46
3350,3,46
2521,5,46
111,5,46
2106,5,46
3165,5,46
4314,4,46
3963,4,46
2753,4,46
2808,4,46
3870,2,47
3001,4,47
1543,3,48
4425,3,48
3638,6,48
774,4,48
1384,4,48
4325,3,49
1470,3,49
4069,3,49
821,1,49
4128,1,49
204,6,49
1498,3,50
2372,3,50
3131,3,50
1312,1,50
952,6,50
2012,4,50
1970,4,50
4348,6,51
789,6,51
78,6,51
2380,2,51
3725,4,51
4882,4,51
3299,4,51
3085,4,51
4959,4,51
1425,2,52
1709,7,53
624,6,53
146,6,53
779,6,53
1392,2,53
1603,2,53
2898,1,54
2879,1,54
4313,2,54
3192,2,54
3663,2,55
3377,2,55
420,3,56
3649,2,57
4858,3,58
3552,0,58
264,0,58
3599,1,58
663,6,58
3949,2,58
2657,2,58
4443,2,59
2860,2,59
3303,2,59
2527,2,59
740,2,59
1792,0,60
1309,6,60
2405,6,60
1369,2,60
1759,2,60
4580,4,60
976,1,61
3264,6,61
4465,2,63
1631,4,63
3972,5,64
3144,1,65
3664,6,65
2427,2,65
2944,6,66
4553,6,66
3525,6,66
713,6,66
4333,5,67
2294,7,67
2277,7,67
2504,6,67
2603,6,67
3360,7,68
2731,1,68
1609,1,68
157,6,68
4582,6,68
4895,6,68
2738,4,68
3155,0,69
4663,1,69
3527,0,70
776,1,70
2306,1,70
858,4,70
3810,3,71
3220,5,71
2230,1,71
3269,0,72
2528,1,72
3050,1,72
4952,4,72
2571,4,72
567,1,73
3035,4,73
4962,1,74
910,5,75
1749,5,76
214,7,76
1382,0,76
1747,0,76
1132,0,77
2396,1,77
2400,1,77
332,1,77
1299,1,77
3121,2,77
2210,7,78
1165,7,78
522,7,78
500,0,78
1190,0,78
886,3,79
4239,0,79
4714,6,79
139,3,80
2636,5,80
2011,0,80
4713,0,80
3232,1,80
2872,6,80
4875,4,80
3338,4,80
3043,0,81
852,6,81
4024,5,82
807,5,82
4058,0,82
1987,0,82
1823,0,82
3821,0,83
3298,0,83
3320,1,83
4245,6,83
4510,2,83
2840,3,84
2628,7,84
2088,4,84
4181,7,85
592,6,85
2537,6,85
4567,2,85
4585,5,86
721,7,86
4941,1,86
4667,3,87
3855,5,87
991,7,87
3408,6,87
2100,2,87
2531,7,88
3974,7,88
2089,7,88
3629,4,88
144,4,88
3126,4,88
3718,2,89
12,7,90
4629,7,90
1804,7,90
1214,7,90
3728,7,90
3079,3,91
1818,3,91
2977,7,91
4932,7,91
698,7,91
2907,0,91
2943,6,91
2900,3,92
1662,3,92
4453,5,92
1593,5,92
3108,6,92
2231,4,93
3443,6,94
803,4,94
4189,5,95
3434,0,95
1859,2,95
665,4,95
1917,3,96
571,5,96
3180,5,96
655,5,96
2804,4,96
1220,4,96
4700,4,96
87,4,96
2488,2,97
3578,3,98
3943,3,98
1562,0,98
1221,6,98
2996,4,98
3859,4,98
83,3,99
1109,3,99
199,3,99
2602,1,99
2458,2,99
1519,2,99
3106,3,100
3934,3,100
4402,1,100
1171,6,100
2682,2,100
230,4,100
2947,4,100
1693,1,101
2388,1,101
2861,1,101
4557,6,101
270,6,101
66,4,101
1357,4,101
4297,4,101
2973,5,102
4867,7,102
3139,0,102
4918,0,102
1437,6,102
4602,6,102
3820,6,102
524,2,102
1815,2,102
2876,2,102
666,2,102
4481,4,102
1727,3,103
367,5,103
4350,0,103
4079,1,103
4961,2,103
1555,4,103
1720,3,104
1760,5,104
4063,6,104
1705,2,104
2009,7,105
647,1,105
475,4,105
4412,5,106
1512,4,106
1203,5,107
4144,0,107
1436,6,107
3031,2,107
3944,5,108
3074,0,108
3553,0,108
2894,1,108
4980,6,108
75,2,108
1286,2,108
3479,2,108
154,2,108
4166,7,109
2222,7,109
3025,0,109
287,6,109
4156,6,109
3950,2,109
3585,2,109
1966,0,110
4799,1,111
486,6,111
4111,3,112
1108,6,112
3734,0,113
2447,1,113
3386,7,114
3676,6,114
1769,1,115
3003,6,115
733,6,115
874,7,116
3672,0,116
3592,1,116
742,1,116
1005,6,116
177,7,117
945,0,117
322,1,117
811,1,117
4669,1,117
1021,6,117
4855,6,117
3656,6,117
1921,4,117
2092,0,118
3397,5,119
3244,0,119
3104,1,119
3788,6,119
986,4,119
3297,1,120
1313,7,121
680,0,121
2707,1,121
958,6,121
685,2,121
4571,4,121
2482,5,122
479,6,122
4182,2,122
4260,3,123
1820,3,124
28,0,124
3958,6,124
4318,3,125
3032,7,125
2791,0,125
2918,0,125
1326,6,125
3138,4,125
1133,1,126
495,1,126
2361,1,126
3205,1,126
4870,1,126
4542,1,126
2409,4,126
2630,4,126
4478,7,127
2167,7,127
3428,0,127
346,0,127
4569,2,127
3246,5,128
3862,7,128
4416,0,128
925,2,128
4888,5,129
2243,0,129
1790,1,129
3626,4,129
2328,3,130
4207,7,130
4546,6,130
1591,2,130
2420,4,130
1086,5,131
1159,5,131
2732,7,131
4547,0,131
906,0,131
1370,0,131
3318,1,131
1126,3,132
3515,0,132
4220,0,132
4787,0,132
883,2,132
4943,4,132
989,7,133
3194,1,133
3253,6,133
2856,2,133
4264,2,133
801,5,134
920,6,134
4539,2,134
4091,4,135
235,7,136
1136,6,136
1739,2,136
1287,4,136
1401,7,137
1527,2,137
1233,4,137
4180,3,138
2920,0,138
2994,6,138
3706,2,138
3229,7,139
151,7,139
1704,7,139
3458,7,139
3421,1,139
1014,1,139
4660,6,139
975,4,139
4690,3,140
2728,5,140
4528,5,140
3300,5,140
2465,7,140
3985,7,140
3570,7,140
4581,7,140
1618,4,140
4444,4,140
2824,3,141
1701,3,141
2640,5,141
1281,5,141
4661,7,141
3695,4,141
829,3,142
795,5,142
25,0,142
3317,3,143
4251,6,143
2691,2,143
436,4,143
4203,5,144
200,0,144
4505,4,144
3082,5,145
2095,5,145
339,5,145
1672,1,145
2633,4,145
2661,4,145
4232,4,145
4919,3,146
2450,6,146
3731,3,147
4884,1,147
2981,2,147
4930,4,147
1910,4,147
1639,3,148
1490,7,148
1008,1,148
3559,6,148
357,2,148
2463,3,149
1396,7,149
1844,2,149
63,4,149
3923,5,150
331,5,150
4032,0,150
3087,0,150
4859,1,150
1073,1,150
3659,6,150
3282,6,150
1506,2,150
3594,2,150
4115,2,150
3683,4,150
340,4,150
1372,4,150
1585,6,151
4691,6,151
1518,2,151
3918,7,152
4342,1,152
4126,6,152
1487,3,153
1853,2,153
4835,5,154
4818,0,154
504,1,154
4656,6,154
3825,6,154
233,3,155
4911,1,155
835,0,156
2038,1,156
3575,1,156
2901,6,156
1589,2,156
4923,2,156
2645,2,156
1697,2,156
823,7,157
2421,0,157
1664,6,157
4175,2,157
4780,3,158
627,0,158
134,3,159
1644,3,159
2583,1,159
2843,1,159
411,4,159
1377,4,159
3249,5,160
3245,5,160
2252,7,160
4644,7,160
1533,0,160
3070,0,160
917,1,160
4814,1,160
4594,6,160
1712,6,160
3574,7,161
4848,1,161
4291,3,162
4068,0,162
3429,6,162
3617,6,163
722,6,163
3075,7,164
2,1,164
1703,1,164
1197,2,164
4819,4,164
1551,3,165
2081,0,165
304,0,165
2653,1,165
2572,1,165
3512,6,165
3163,6,165
2921,6,165
2605,2,165
1824,2,165
4055,4,165
2668,0,166
1645,4,166
117,5,167
3712,7,167
1254,1,167
4149,0,168
4751,4,168
1327,7,169
2648,6,169
4159,3,170
59,0,170
593,3,171
2375,5,171
4507,4,171
4253,3,172
1416,5,172
786,7,172
3482,1,172
4195,0,173
645,6,173
2193,2,173
4165,4,173
4081,1,174
496,1,174
4335,1,174
4634,1,174
303,2,174
2068,2,174
2865,4,174
27,4,174
3006,3,175
3878,5,175
258,7,175
4466,0,175
3327,0,176
2948,6,176
2858,3,177
2087,7,177
1317,0,177
4135,6,178
4083,2,178
3832,2,178
1478,4,178
4917,5,179
1355,5,179
3034,0,179
2852,0,179
2279,6,179
2891,2,179
301,4,179
3061,4,179
2181,7,180
369,0,180
3116,1,180
834,6,180
4470,2,180
581,4,180
3389,1,181
4566,1,181
1673,6,181
3218,6,181
2548,6,181
3055,2,181
865,2,181
3159,3,182
2733,3,182
3568,6,182
2674,2,182
4199,4,182
2262,5,183
702,7,183
712,1,183
1145,3,184
84,0,184
3081,3,185
302,1,185
1423,6,185
1954,4,185
2720,0,186
251,1,186
122,2,186
4380,4,186
1761,7,187
427,7,187
4226,7,187
3691,7,187
2772,1,187
2975,2,187
180,3,188
4379,5,188
61,7,188
3814,7,188
1225,7,188
863,0,188
3776,1,188
2295,4,188
3990,3,189
2185,3,189
3976,5,189
2790,0,189
4427,6,189
4894,4,189
4942,4,189
3611,2,190
315,4,190
276,5,191
3335,6,192
3798,3,193
2099,5,193
3698,5,193
14,7,193
4170,0,193
71,6,193
1,4,193
3490,4,193
3999,4,193
2459,4,193
3158,4,194
3566,4,195
3546,4,195
4647,1,196
1684,6,196
1356,4,196
1137,7,197
64,7,197
1714,6,197
4739,2,197
2289,4,197
3130,5,198
2670,0,198
4954,0,198
262,1,198
226,6,198
485,6,198
596,2,198
449,2,198
812,4,198
1969,4,198
3807,6,199
2398,3,200
1688,5,200
2516,7,200
1900,6,200
761,0,201
3563,2,201
4243,4,201
2014,3,202
2762,5,202
4187,0,202
4206,0,202
654,6,202
2309,6,202
4677,7,203
3651,0,203
478,1,203
4468,1,204
408,2,204
4276,2,204
4356,2,204
2169,2,204
2939,5,205
3583,6,205
2683,0,206
1054,0,206
657,1,206
416,4,206
3289,3,207
2578,3,207
4924,5,207
4666,7,207
4568,0,207
1196,1,207
957,1,207
3459,6,207
124,2,207
2164,4,207
1800,5,208
1920,7,209
1135,6,209
1946,2,209
1581,4,209
283,5,210
3581,1,210
1796,6,210
1689,6,210
2073,2,210
1650,7,211
3179,0,211
1459,1,211
313,4,211
4001,3,212
1973,5,212
125,0,212
1963,0,212
1871,1,212
2083,1,212
3117,1,212
3019,6,212
3094,6,212
4741,6,212
1523,2,212
1516,2,212
1845,3,213
2812,0,213
2492,6,213
3499,4,213
4777,5,214
3137,0,214
4617,1,214
4299,1,214
598,6,214
69,7,215
3236,6,215
2138,3,216
2024,0,216
1232,1,216
3768,6,216
530,4,216
4883,7,217
2718,0,217
2190,0,218
1874,1,218
4606,3,219
2760,5,219
1882,7,219
1975,1,219
3720,2,219
4611,3,220
2152,5,220
3786,0,220
3368,6,220
1390,2,220
1594,3,221
4395,5,221
3063,5,221
610,1,221
1536,1,221
1348,1,221
2117,2,221
3590,4,221
935,3,222
3240,7,222
4825,0,222
1013,6,222
3686,4,222
3536,7,223
4017,2,223
4161,7,224
4928,0,224
2426,2,224
4344,5,225
3557,6,225
2049,6,225
3640,2,225
1446,2,225
267,4,225
4029,5,226
962,5,226
4920,7,226
150,0,226
3221,0,226
2326,1,226
832,6,226
4513,4,226
4090,4,226
4138,0,227
724,0,227
1743,6,227
2983,6,227
1115,5,228
4618,0,228
4860,1,228
3519,1,228
4504,6,228
3539,2,228
3687,2,228
2747,4,228
3562,4,228
3601,3,229
2829,1,229
4388,6,229
1149,5,230
3808,0,230
4562,3,231
2903,0,231
2354,1,231
4533,4,231
1956,0,232
4315,6,232
1493,5,233
3775,7,233
385,0,233
1858,3,234
1676,3,234
1816,7,234
804,7,234
62,7,234
636,7,234
3251,7,234
3983,0,234
4359,0,234
4296,1,234
1972,4,234
4292,7,235
2844,7,235
4237,7,235
2207,0,235
1843,4,235
1630,3,236
1422,0,236
4649,6,236
208,2,236
3306,4,236
517,0,237
3899,6,237
4682,3,238
1723,7,238
101,1,238
2365,4,238
1934,7,239
3726,2,239
3752,5,240
4228,5,240
2155,5,240
290,5,240
2743,5,240
2989,7,240
4250,4,240
4878,4,240
511,4,240
3467,5,241
4898,0,241
1311,4,241
4403,4,242
1477,3,243
4065,5,243
2997,7,243
4638,1,243
4225,6,243
4712,2,243
4985,3,244
831,7,244
1077,1,244
2729,4,244
273,0,245
3748,0,245
1031,6,245
4178,6,245
354,2,245
705,2,245
2066,4,245
1943,4,245
4430,0,246
1371,1,246
4543,7,247
908,1,247
1890,4,247
1601,0,248
4708,5,249
4046,0,249
1953,0,249
2466,6,249
3402,6,249
2895,3,250
1861,3,250
780,3,250
4413,3,250
3384,5,250
4497,0,250
1960,1,250
4420,6,250
1204,2,250
909,1,251
3861,6,251
3745,2,251
2624,2,251
3602,2,251
1531,4,251
3586,6,252
889,2,252
455,7,253
4373,0,253
2766,1,253
4997,3,254
2126,7,254
352,0,254
2870,1,254
3591,2,254
1521,4,254
4887,3,255
31,0,255
240,6,255
1541,2,255
2990,7,256
2149,0,256
1503,3,257
3684,3,257
3871,7,257
4912,1,257
2967,1,257
178,6,257
1011,6,257
1409,2,257
947,3,258
3057,7,259
1227,7,259
4654,7,259
3036,0,259
3023,0,259
1537,1,259
3644,1,259
317,1,259
3641,6,259
2060,2,259
4154,0,260
1636,2,260
3513,7,261
2759,0,261
2923,1,261
2133,2,262
4381,2,262
79,4,262
206,3,263
2741,7,263
4329,2,263
4616,4,263
4965,3,264
2021,3,264
2749,2,264
4472,5,265
2847,5,265
1427,7,265
1449,0,265
3248,1,265
2489,6,265
3150,6,265
2301,2,265
428,5,266
1117,6,266
4076,4,267
109,5,268
3037,1,268
3080,1,268
714,6,268
2497,2,268
836,4,268
2162,4,268
2394,5,269
4897,1,269
3322,6,269
1982,4,269
2859,0,270
3910,5,271
2442,7,271
1019,0,271
3921,1,271
1051,6,272
243,2,272
3930,2,272
2303,5,273
3040,0,273
1259,4,273
2022,4,273
932,3,274
1463,3,274
1781,0,274
3794,0,274
4386,0,274
2796,6,274
1354,2,274
2965,4,274
2023,4,274
1730,0,275
2037,1,275
4686,4,275
3052,4,276
4724,3,277
3433,7,277
3795,1,277
2430,4,277
894,7,278
3624,1,278
4363,1,278
1426,4,278
4028,5,279
4696,0,279
1951,6,279
1768,6,279
4692,2,279
1828,2,279
2352,3,280
4771,7,280
465,7,280
4756,7,280
1931,0,280
3474,2,280
2103,3,281
937,7,281
3817,7,281
2368,4,281
2318,3,282
2778,5,282
1682,0,282
3927,6,282
4524,4,282
91,4,282
1907,3,283
1400,0,283
4872,7,284
3892,2,284
1182,4,284
2300,5,286
4635,5,286
1926,0,286
3765,2,286
513,4,286
3774,4,286
2769,3,287
4641,4,287
1293,0,288
3488,6,288
2787,3,289
3048,3,290
3846,0,290
1559,5,291
965,7,291
4754,0,291
3705,0,291
3853,0,291
4710,1,291
26,6,291
4118,2,291
3141,4,291
642,3,292
3078,7,292
1257,0,292
1185,1,292
738,0,293
1806,4,293
2615,5,294
560,1,294
3191,7,295
3858,0,295
4734,0,295
4410,1,295
1065,6,295
4303,6,295
3717,2,295
2500,4,295
4143,3,296
4974,7,296
2639,0,296
4411,1,296
4637,4,296
1888,7,297
611,2,297
4130,2,297
625,3,298
664,2,298
2647,7,299
1385,6,299
2274,4,299
4235,0,300
2850,1,300
4773,2,300
4422,3,301
4612,5,301
3147,6,301
556,6,301
856,2,301
4394,2,301
2313,0,302
1980,6,302
1539,2,302
3928,3,303
578,3,303
480,3,303
1453,5,303
3700,1,303
1424,1,303
4153,6,303
4765,6,303
2061,6,303
760,4,303
734,5,304
3534,5,304
466,7,304
3328,0,304
224,2,304
2101,4,304
4236,3,305
2121,7,305
2739,7,305
1840,0,305
3787,1,305
2748,1,305
3021,1,306
2370,3,307
1634,1,307
1681,1,307
551,4,307
1667,3,308
3736,2,308
1306,2,308
4604,3,309
2875,7,309
3754,2,309
540,3,310
2557,5,310
93,5,311
3118,6,311
47,2,311
3673,5,312
813,0,312
470,6,312
1670,3,313
752,5,313
2176,2,313
4545,3,314
3879,7,314
4986,0,314
783,1,314
336,6,314
1582,4,314
4451,7,315
2614,2,315
810,3,316
414,7,316
505,0,316
1679,0,316
4535,0,316
4650,0,316
3355,6,316
1929,6,316
1476,2,316
329,2,316
4794,3,317
4506,7,317
1030,0,317
4715,2,317
3947,7,318
929,7,318
2530,0,318
3648,2,318
4502,2,318
3454,3,319
1276,3,319
1211,7,319
3785,1,319
3844,6,319
4866,2,319
746,4,319
4807,3,320
3013,0,320
1430,0,320
1001,0,320
4480,4,320
45,4,320
3772,1,321
4489,4,321
2619,7,322
2594,6,322
4981,2,322
3986,4,322
564,3,323
3348,5,323
1111,0,323
4685,4,323
2815,7,324
3316,1,324
3097,4,324
3680,3,325
927,6,325
1269,6,325
1548,2,325
617,4,325
360,3,326
1079,5,326
3148,7,326
739,7,326
1052,7,326
1767,7,326
3966,7,327
2522,7,327
1897,1,327
3214,1,327
1036,4,327
1316,7,328
2235,4,328
4823,4,328
4343,4,328
1599,5,329
3876,0,329
3703,4,329
362,4,329
316,4,329
1177,0,330
1451,0,330
1017,2,330
3422,2,330
4117,5,332
1964,7,332
1764,6,332
4847,2,332
2029,4,332
1552,3,333
2200,7,333
4552,0,333
168,2,333
4050,5,334
2188,6,334
4436,2,334
1071,4,334
4102,7,335
1742,1,335
1462,4,335
791,4,335
443,3,336
4881,6,336
2449,6,336
2233,5,337
2032,0,337
2220,0,337
1652,4,337
330,0,338
257,0,338
3378,3,339
2959,2,339
2471,3,340
1829,5,340
3815,0,340
2363,0,340
1055,6,340
2211,6,340
3998,4,340
4725,3,341
3953,0,341
3224,1,341
241,6,341
4062,2,341
4737,6,342
4275,6,342
4035,2,342
4960,2,342
3689,7,343
3450,7,343
344,3,344
566,3,344
2444,5,344
4177,3,345
2202,1,345
3567,6,345
2980,7,346
2919,0,346
406,6,346
2724,2,346
491,4,346
2008,0,347
1750,3,348
652,3,348
4625,5,348
4047,5,348
2925,0,348
2625,1,348
972,1,348
2721,6,348
1438,6,348
745,5,349
2137,3,350
2154,7,350
902,7,350
3370,1,350
802,6,350
2533,3,351
4776,5,351
4194,0,351
4339,2,351
135,4,351
3455,5,352
1992,7,352
13,7,352
1905,1,352
3719,1,352
2239,1,352
3174,2,352
2259,2,352
2564,5,353
4096,5,353
3904,5,353
2434,7,353
2889,7,353
847,6,353
1089,2,353
2337,2,353
1152,5,354
2298,5,354
1583,7,354
3818,4,354
4798,4,354
1081,4,354
3898,3,355
88,5,355
371,2,355
440,4,355
1497,5,356
4241,7,356
501,1,356
1084,4,356
633,5,357
1546,0,357
1330,4,357
3004,3,358
289,5,358
1365,4,358
4408,4,358
2249,4,358
2756,5,359
3517,0,359
3352,7,360
869,0,360
3660,1,360
4598,1,360
1148,6,360
3495,2,360
3441,2,360
3329,2,360
1003,4,360
2622,3,361
3395,0,361
2399,0,361
2606,6,361
2662,2,361
766,4,361
1766,5,362
4877,7,362
1441,0,362
1331,6,362
4499,2,362
1569,4,362
3828,7,363
648,2,363
4839,2,363
1505,3,364
2535,5,364
1075,7,364
3423,1,364
1802,3,365
3039,7,365
1814,0,365
1268,0,365
1144,4,365
4129,4,365
4790,3,366
3797,5,366
2544,1,366
1740,6,366
2816,7,367
4856,2,367
4338,1,368
2711,7,369
514,0,369
4074,0,369
4224,1,369
3042,1,369
4452,6,369
4337,6,369
39,2,369
364,3,370
1288,3,370
2592,0,370
2789,0,370
159,6,370
461,6,370
1094,3,371
719,7,371
4021,7,371
5,7,371
4519,7,371
1658,1,371
1556,6,371
1780,6,371
1756,6,371
4695,6,371
3679,6,371
4191,6,371
4057,3,372
4267,3,372
2593,5,372
3569,7,372
1419,7,372
3707,1,372
4479,1,372
1898,3,373
1433,5,373
3008,7,373
4059,4,373
4736,4,373
1731,3,374
2472,7,374
1375,6,374
2987,2,374
3616,2,374
198,4,374
1412,4,374
2692,3,375
3184,3,375
632,7,375
3481,0,375
1480,6,375
2832,2,375
1363,6,376
2053,5,377
1726,4,377
4157,7,378
1083,1,378
1235,2,378
1988,0,379
797,2,379
4529,5,380
3383,5,380
3615,4,380
3401,4,380
4523,6,381
4723,0,382
172,0,382
2097,1,382
4558,2,382
565,7,383
1813,0,383
1408,0,383
3755,2,383
2667,4,383
4215,3,384
1153,5,384
3127,5,384
997,5,384
1604,6,384
447,0,385
4450,6,385
2256,2,385
4990,1,386
2703,2,386
1782,7,387
4136,7,387
3049,6,387
1811,2,387
4034,2,387
1803,2,387
1194,4,387
2536,4,387
3740,7,388
2377,0,388
4531,2,388
376,3,389
940,5,389
4216,0,389
542,1,389
373,2,389
3113,0,390
2180,1,390
4382,6,390
1779,6,391
737,2,391
727,0,392
412,1,392
764,6,392
4921,6,392
1114,2,392
4498,4,392
3529,4,392
3391,3,393
3068,3,393
4277,5,393
2673,7,393
2221,1,393
4374,6,393
174,6,393
1983,3,394
2607,0,394
1716,1,394
4574,1,394
1647,7,395
3345,7,395
2799,6,395
1509,4,395
4706,6,396
589,2,396
4752,3,397
1080,3,397
100,5,397
4445,7,397
3287,7,397
2911,7,397
2056,1,397
3216,1,397
2717,1,397
2507,1,397
338,2,397
3339,5,398
1757,5,398
464,0,398
2660,1,398
1977,2,398
2403,2,398
1979,4,398
1034,4,398
2335,3,399
3796,0,399
2204,6,399
2950,3,400
1429,7,400
4972,1,400
1082,1,400
3800,2,400
623,1,401
1685,4,401
325,7,402
1029,1,402
4369,2,402
2059,4,402
1568,4,402
393,5,403
3018,3,404
3007,5,404
265,0,404
2113,1,404
3996,1,404
4929,6,404
3376,2,404
113,2,404
2214,2,404
793,4,404
3418,3,405
4931,5,405
4863,0,405
4036,0,405
4605,3,406
4768,5,406
1319,5,406
2070,7,406
395,0,406
2706,1,406
4670,1,406
3160,2,407
4421,2,407
3204,0,408
1928,3,409
3086,7,409
2311,0,409
3509,0,409
40,2,409
3312,4,409
558,5,410
1746,0,410
3472,6,410
942,6,411
4766,2,411
704,5,412
1300,0,412
1239,2,412
996,5,413
758,5,413
3634,0,413
2229,0,413
3135,1,413
3863,6,413
3880,4,413
2291,3,414
282,3,414
749,3,414
755,0,414
1869,6,414
334,6,414
509,7,415
2752,7,415
2217,7,415
700,7,415
2481,0,415
4257,6,415
1454,6,415
2811,6,415
1553,6,415
2820,2,415
1395,4,415
4270,3,416
1049,5,416
4614,7,416
413,0,416
3903,1,416
3412,2,416
65,4,416
1290,3,417
3939,4,417
2853,4,417
4114,5,418
1835,0,418
2978,1,418
3465,6,418
3545,2,418
2964,4,418
4740,3,419
1417,5,419
54,7,419
3622,1,419
4162,5,420
3619,6,420
651,4,420
1216,5,421
1166,7,421
341,0,421
353,2,421
2713,5,422
1110,4,422
3271,7,423
1863,0,423
635,1,423
1282,6,423
2963,3,424
805,5,424
4793,7,424
1702,1,424
1941,4,424
4476,7,426
948,0,426
261,3,427
2704,0,427
2982,1,427
1886,6,427
2163,2,427
3243,4,427
913,3,428
1923,5,428
342,7,428
3721,1,428
4490,0,429
3791,1,430
4238,3,431
1431,3,431
4782,5,431
2650,7,431
307,7,431
4377,0,431
85,2,431
4330,2,431
3496,4,431
1549,4,431
227,7,432
4591,7,432
2576,6,432
2428,2,432
104,4,432
1821,5,433
4770,7,433
562,0,433
1246,1,433
4730,6,433
1105,2,433
451,4,433
4190,5,434
3463,1,434
1322,2,434
3098,5,435
3893,0,435
720,4,435
3674,3,436
1996,3,436
456,0,436
4590,0,436
4728,6,436
3261,6,436
2805,2,436
3379,4,436
1993,3,437
2098,5,437
3883,0,437
8,6,437
3993,7,438
1642,1,438
3183,2,438
2634,3,439
2864,7,439
1223,0,439
3860,1,439
2589,2,439
2621,4,439
3343,5,440
2007,0,440
3415,4,440
410,3,441
4967,5,441
3671,7,441
222,7,441
2453,1,441
3217,1,441
701,6,441
1340,2,441
931,4,441
358,5,442
3351,1,442
1188,5,443
928,1,443
2669,4,443
4087,7,444
3020,1,444
1181,2,444
2042,4,444
128,3,445
751,0,445
3836,4,445
784,0,446
1304,4,446
2631,1,447
3372,2,447
3992,2,447
4871,0,448
4785,4,448
1725,5,449
4328,5,449
2512,7,449
2125,0,449
1414,1,449
234,1,449
462,6,449
4151,3,450
3197,0,450
3885,2,450
4112,5,451
2062,4,451
3929,0,452
4851,1,452
4448,4,452
1574,3,453
3207,7,453
378,6,453
4934,4,453
966,4,453
1435,1,454
1289,6,454
3600,0,455
3537,1,455
3169,6,455
1098,2,455
3668,3,456
549,5,456
2015,7,456
529,0,456
35,0,456
4306,2,456
439,3,457
2080,3,457
2676,6,457
1686,6,457
3948,2,457
708,2,457
4387,7,458
1913,7,458
994,7,458
953,1,458
4922,1,458
1070,6,458
3364,6,458
2714,6,458
1838,4,458
4989,3,459
838,5,459
2382,7,459
3208,7,459
2247,1,459
4019,1,459
415,3,460
203,0,460
4809,1,460
2810,1,460
1810,6,460
1471,4,460
3711,4,460
860,5,461
3382,5,461
21,0,461
3213,6,461
1488,2,461
3722,2,461
3661,7,462
2485,1,462
2672,2,462
710,5,463
826,0,464
1657,0,464
4372,0,464
2288,0,464
1381,0,465
121,6,465
2679,6,465
3524,6,465
1376,2,465
3888,4,465
4904,3,466
359,0,466
1751,4,466
3431,5,467
903,0,467
3398,0,467
192,1,467
433,4,467
2800,4,467
388,4,467
2862,3,468
4901,7,468
2809,2,468
2025,5,469
726,4,469
1794,0,470
4268,1,470
18,2,470
2915,0,471
1674,1,471
4123,2,472
333,4,472
3199,1,473
875,4,473
4664,3,474
295,5,474
4583,7,474
3365,6,474
1981,2,474
649,4,474
1180,5,475
3132,7,475
3696,4,475
3630,1,476
3359,6,476
3991,2,476
4674,7,477
715,6,477
1967,4,477
2254,3,478
2888,0,478
4753,3,479
1383,3,479
1404,0,479
77,0,479
763,0,479
2040,6,479
2842,6,479
2234,6,479
4278,6,479
2455,0,480
4933,4,480
4570,3,481
4726,7,481
2236,6,481
2384,1,482
2410,1,482
421,6,482
392,2,482
1479,2,482
1068,3,483
3201,5,483
4133,2,483
673,3,484
394,7,484
2579,7,484
155,0,484
881,1,484
2699,1,484
1195,1,484
2418,3,485
2701,5,485
897,7,485
1635,1,485
1335,6,485
2877,6,485
4687,5,486
1018,7,486
169,1,486
2542,2,486
2821,2,486
681,4,486
3919,3,487
3185,0,487
822,6,487
3902,1,488
34,4,488
3884,4,488
3743,5,489
1124,0,489
2740,1,489
4978,1,489
1550,6,489
2710,0,490
280,0,490
4141,2,490
407,2,490
1962,2,490
2626,3,491
4745,5,491
3935,1,491
1118,2,491
4549,4,491
2142,5,492
4588,7,492
4516,1,492
3235,1,492
4508,6,492
3060,2,492
4532,3,493
3520,7,493
2869,0,493
4005,7,494
1207,1,494
4984,6,494
2585,2,494
4987,4,494
1572,7,495
1025,4,495
767,4,496
3175,4,497
4573,3,498
459,1,498
699,6,498
3419,2,498
3889,2,498
3461,3,499
3635,0,499
640,0,499
4234,1,499
1444,6,499
844,3,500
1274,3,500
3834,5,500
907,7,500
4283,7,500
4044,0,500
839,1,500
4846,6,500
1891,6,500
756,2,500
2072,2,500
4738,2,500
785,4,500
1112,4,500
4307,3,501
2561,7,501
1222,7,501
3170,1,501
4774,6,501
3727,6,501
482,4,501
3028,5,502
3325,7,502
3280,1,502
3842,6,502
1155,2,502
2452,1,503
4731,6,503
73,4,503
4269,5,504
4554,5,504
4249,1,504
3233,2,504
954,4,504
1893,5,505
3603,0,505
3881,4,505
660,5,506
579,1,506
3937,7,507
2017,0,507
3109,0,507
1255,0,507
3561,1,507
4319,4,507
1566,6,508
2555,6,508
32,6,508
2610,4,508
1561,4,508
2123,4,508
2464,6,509
4064,4,509
4458,3,510
4841,3,510
3531,5,510
716,5,510
380,7,510
3572,7,510
3164,0,510
2632,0,510
3685,1,510
1150,1,510
3596,6,510
3544,4,510
4850,4,510
3276,4,510
1602,7,511
1173,6,511
977,2,511
4515,4,511
4442,0,512
4305,2,512
1033,4,512
56,5,513
1513,0,513
2096,2,513
1464,5,515
2777,1,515
4446,4,515
933,7,516
2837,0,516
2281,1,516
2499,2,516
2443,6,517
2215,4,517
165,0,518
2269,1,518
519,3,519
3542,6,519
1501,3,520
4469,5,520
3228,0,520
525,1,520
3767,6,520
4565,4,520
309,3,521
3784,0,521
3938,6,521
1710,3,522
4556,0,522
4023,1,522
3151,1,522
43,7,523
4071,1,523
3045,4,523
3432,3,524
3960,3,524
674,1,524
1175,1,524
2353,2,524
2517,2,524
1473,0,525
1242,1,525
667,2,525
2376,4,525
3580,7,526
1666,7,526
263,1,526
3344,1,526
2896,1,526
4651,1,527
3964,6,527
1560,2,527
1940,2,527
3041,4,527
3172,7,528
4503,0,528
4659,2,528
1885,1,530
4775,1,530
2940,4,530
3543,4,530
864,5,531
4351,1,531
120,6,531
3830,2,531
1224,2,531
2063,4,531
2477,7,532
3062,0,532
2028,0,532
2278,6,532
3347,2,532
3955,2,532
4937,2,532
1522,4,532
2520,4,532
429,5,533
4109,1,533
1626,7,534
1990,7,534
2715,1,534
4247,1,534
4183,5,535
2505,6,535
2130,6,536
4202,4,536
1624,0,537
3981,0,537
4628,5,538
4462,1,538
1525,5,539
2886,0,539
2971,1,539
4463,6,539
3010,3,540
2878,7,540
3790,6,540
707,6,540
2968,2,540
1508,2,540
2554,3,541
3866,0,541
691,0,541
3916,1,541
3331,3,542
2333,3,542
20,3,542
4703,5,542
4494,5,542
3756,7,542
2771,7,542
3872,6,542
4797,6,542
1554,2,542
2191,2,542
2687,4,542
3054,3,543
1830,7,543
2612,0,543
4011,0,543
2317,0,543
2960,1,543
4025,6,543
1754,6,543
4511,2,543
3077,3,544
1337,7,544
3435,2,544
1991,7,545
2545,0,545
1336,1,545
4830,5,546
2502,0,546
1064,3,547
4030,3,548
3209,6,548
2857,4,548
458,0,549
3967,0,549
423,1,549
2058,0,550
3291,6,550
437,6,550
1904,6,550
4811,4,550
3449,4,550
3486,4,550
926,5,551
1063,7,551
916,6,551
879,2,551
3724,3,552
4200,3,552
2195,5,552
3732,7,552
2157,0,552
1037,0,552
4599,1,552
3051,4,552
1524,4,552
4309,4,552
3225,1,553
147,6,553
1301,3,554
4837,7,554
4729,4,554
3911,6,555
2457,3,556
3314,5,556
4781,7,556
3804,0,556
3478,6,556
4620,6,556
4593,3,557
4743,7,557
4747,1,557
1563,4,557
3957,0,558
3897,1,558
4080,7,559
4070,0,559
4259,6,559
3437,2,559
1744,4,559
2067,3,560
4907,7,560
2360,1,560
582,4,560
210,3,561
3181,5,562
1329,7,562
3759,1,562
129,2,562
2781,0,563
2260,1,563
3645,2,563
1308,3,564
4385,3,564
1146,0,564
4467,0,564
4577,1,564
3982,1,564
3122,1,564
3064,1,564
3857,7,565
1097,7,565
830,4,565
3091,3,566
1046,1,566
833,1,566
51,2,566
1592,2,566
2995,5,567
4610,6,567
3598,2,567
3914,4,567
2454,7,568
2436,7,568
1575,0,568
1061,1,568
2395,1,568
1107,6,568
3838,6,568
2393,2,568
3595,2,568
1184,7,569
1545,0,569
3279,6,569
2641,6,569
631,2,569
572,2,569
4263,3,570
882,0,570
4214,0,570
2146,2,570
1167,7,571
2219,0,571
3710,1,571
1208,3,572
2074,5,572
3521,5,572
4483,1,572
3988,1,572
3353,2,572
467,2,572
3399,2,572
4106,4,572
1961,4,572
939,4,572
2514,4,572
4086,7,573
4045,0,573
4800,0,573
4694,6,573
2350,2,573
3729,2,573
2567,2,573
1999,4,573
629,3,574
3293,5,574
9,6,574
2916,4,574
979,7,575
4958,0,575
956,1,575
2150,2,575
4806,3,576
3856,3,576
1318,6,576
512,6,576
2560,4,576
4419,7,577
4938,2,577
1106,5,578
3156,0,578
3067,0,578
4186,3,579
3090,5,579
1320,3,580
3009,7,580
217,1,580
693,1,580
2225,7,581
3650,6,581
4789,2,581
3319,2,581
4284,4,581
4033,4,581
2601,3,582
531,5,582
1251,0,582
3835,0,582
4414,3,583
1612,3,583
2293,5,583
2431,7,583
969,7,583
3157,0,583
3758,6,583
2851,6,583
3584,2,583
3281,2,583
2276,3,584
896,5,584
2532,7,584
4688,7,584
3493,7,584
1867,0,584
453,6,584
1496,6,584
1066,3,585
1808,0,585
1877,3,586
386,5,586
709,0,586
1733,0,586
1936,2,586
3182,2,586
3669,4,586
2102,3,587
1638,5,587
4312,1,587
612,6,587
568,4,587
2242,5,588
1378,7,589
3723,6,589
1247,0,590
3266,0,590
1660,1,590
170,6,590
4969,1,591
2518,6,591
4795,6,591
3667,6,591
2846,6,591
81,6,591
4227,2,591
4804,4,591
4230,4,591
161,4,591
502,4,591
1193,3,592
936,7,592
4744,6,592
231,4,592
1669,3,593
1633,3,593
1226,0,593
1440,1,593
1864,6,593
299,2,593
754,4,593
4384,4,593
3491,3,594
2241,7,594
1237,0,594
983,0,595
1894,6,595
2972,2,595
859,4,595
787,3,596
1722,5,596
3484,7,596
4551,1,597
4075,1,597
3523,1,597
679,6,597
291,6,597
841,4,598
3639,4,598
3886,7,599
3072,2,599
3400,3,600
3792,7,600
2166,0,600
2041,2,600
4360,4,600
3014,2,601
4636,4,601
2928,3,602
1345,5,602
1799,1,602
534,2,602
3024,1,603
2565,6,603
2693,0,604
1209,4,604
2385,3,605
4964,3,605
1067,3,605
2429,0,605
1847,0,605
396,1,605
318,1,605
4317,1,605
4902,6,605
175,2,605
591,3,606
1420,5,606
911,7,606
191,7,606
2416,2,606
1016,3,607
4526,5,607
668,5,607
2334,0,607
1253,1,607
3212,1,607
2414,2,607
337,2,607
3548,2,607
216,3,608
1903,7,608
1728,0,608
3259,5,609
275,5,609
2596,7,609
1467,0,609
1825,1,609
4705,1,609
3265,6,609
1053,6,609
987,2,609
2694,4,609
3460,7,610
904,0,610
2047,1,610
4624,6,610
1178,2,610
1161,4,610
1707,4,610
3936,7,611
2402,0,611
4244,0,611
2069,6,611
2798,1,612
2144,6,612
2534,2,612
2884,4,612
1696,4,612
4854,4,612
4349,3,613
4098,5,613
3984,7,613
44,0,613
4890,1,613
1129,1,613
4821,6,613
871,2,613
1407,2,613
468,7,614
2448,0,614
3483,6,614
2002,4,614
2057,3,615
3670,1,615
3044,6,615
4475,2,615
186,3,616
748,1,616
2643,6,616
1978,2,616
3473,4,616
3196,1,617
2438,6,617
3845,2,617
2556,3,618
2044,5,618
95,0,618
3149,0,618
4172,0,618
3980,1,618
2052,1,618
507,6,618
3874,3,619
984,7,619
1456,0,619
179,7,620
3394,0,620
3827,1,620
3466,1,621
626,6,621
3223,2,621
3762,2,621
2349,4,621
3167,3,622
1841,0,622
743,0,622
2412,2,622
2283,3,623
1665,5,623
4354,5,623
36,5,623
4845,7,623
3284,0,623
1918,6,623
4345,2,623
266,4,623
253,3,624
3757,5,624
3456,7,624
3793,7,624
3823,0,624
2341,6,624
4362,7,625
2160,3,626
1044,5,626
3896,7,626
1278,0,626
1777,0,626
1971,0,626
1447,6,626
2050,2,626
503,2,626
220,1,627
1092,4,627
3852,2,628
3304,3,629
4486,7,629
2082,6,629
4873,7,630
3257,0,630
4252,0,630
3506,1,630
350,6,630
3133,2,630
561,4,630
247,6,631
3002,6,631
876,6,631
543,6,631
601,4,631
1047,4,631
424,4,631
3071,4,631
4653,4,631
3346,4,631
1032,3,632
2931,1,632
1995,3,633
4031,4,633
4939,4,633
80,4,633
4455,4,633
4852,7,634
2745,7,634
1138,0,634
2779,1,634
4217,4,634
4742,4,634
2302,3,635
3357,3,635
3286,2,635
3288,0,636
2004,1,636
2209,1,636
1131,6,636
1680,6,636
820,2,636
3811,3,637
4006,4,637
4879,4,637
4148,3,638
1192,7,638
281,1,638
4935,2,638
457,4,638
1836,5,639
521,1,640
2114,6,640
3349,4,640
4563,3,641
1125,7,641
3933,2,641
921,3,642
473,7,642
2257,1,642
4366,2,642
4169,4,642
1721,7,643
3283,3,644
4321,3,644
2932,5,644
3462,5,644
658,0,644
3697,0,644
2826,1,644
19,1,644
607,1,644
628,2,644
1283,3,645
4040,7,645
2906,7,645
3779,2,645
573,5,646
1547,7,646
3979,1,646
857,1,646
3111,2,646
3367,2,646
3535,2,646
2618,4,646
72,3,647
1922,4,647
1745,5,648
2509,5,648
3334,1,648
2550,1,648
2654,6,648
659,6,648
1637,7,649
1511,0,649
432,6,649
706,2,649
1805,4,649
955,7,650
809,0,650
2617,0,650
4827,1,650
1619,6,650
195,2,650
4698,2,651
2936,4,651
4205,4,651
559,4,651
3843,4,651
4957,0,652
4142,1,652
689,1,652
775,6,652
1323,2,652
126,3,653
2519,7,654
2344,6,654
2599,0,655
3761,2,655
4365,4,656
1942,3,657
798,5,657
2456,0,657
782,0,657
923,1,657
1121,1,657
4302,4,657
4915,3,658
1598,6,658
621,7,659
3588,0,659
3256,2,659
271,6,660
268,2,660
292,3,661
3692,5,661
1540,0,661
11,4,661
488,5,662
4441,5,662
15,7,662
2105,2,662
1955,5,663
941,7,663
1788,7,663
1775,0,663
3255,0,663
403,4,663
3851,0,664
4842,0,664
2077,1,664
4357,2,664
1043,2,664
2750,7,665
3688,0,665
335,4,665
3555,3,666
4977,3,667
4791,3,667
1154,7,667
2817,0,667
2340,0,667
1141,6,667
3783,6,667
1586,2,667
4474,2,667
2460,3,668
3576,5,668
4431,0,668
1748,1,668
3464,7,669
837,6,669
677,6,669
4862,6,669
4936,4,669
2991,4,669
747,4,669
3822,4,669
2034,3,670
602,1,670
4437,4,670
2182,7,671
1565,0,671
3396,4,671
2201,4,671
2119,7,672
239,0,672
1050,1,672
4560,1,672
4073,2,672
618,2,672
3017,4,672
3901,4,672
3489,3,673
661,0,673
2666,4,673
102,0,674
1717,1,674
2273,6,674
2314,3,675
3760,5,675
4805,5,675
4953,7,675
1349,4,675
4709,3,676
116,5,676
3833,7,676
1851,2,676
1168,3,677
2793,3,677
1461,7,677
1169,0,677
3115,1,677
995,7,678
3738,0,678
409,1,678
978,6,678
4127,4,678
4970,5,679
431,1,679
2251,2,679
1558,0,680
2467,7,681
3226,1,681
2992,3,682
3100,3,682
4125,5,682
3296,0,682
2151,1,682
919,1,682
3658,2,682
4631,4,682
3099,7,683
615,7,683
1914,1,683
3841,2,683
1530,5,684
3816,5,684
4094,5,684
3620,1,684
4632,2,684
127,2,684
1855,5,685
2836,7,685
118,1,685
4704,5,686
3951,7,686
2075,0,686
1045,0,686
279,1,686
516,6,686
2874,6,686
1671,4,686
1925,0,687
845,1,687
4735,2,687
2110,0,688
2245,7,689
1762,7,689
3764,6,689
2474,2,689
185,2,689
1514,4,689
4495,4,689
499,4,689
1012,3,690
1860,7,690
1850,0,690
4963,1,690
2076,2,690
4078,4,690
2904,5,691
1020,1,691
4140,1,691
1103,6,691
735,6,691
201,4,691
3470,4,691
608,5,692
300,7,692
597,4,692
4281,1,693
68,1,693
2908,0,694
1902,0,694
2949,1,694
1793,1,694
4358,7,695
1210,5,696
1183,7,696
2406,2,696
4301,7,697
3492,0,697
4196,0,697
968,6,697
1367,2,697
4527,3,698
463,7,698
2573,5,699
3655,5,699
1057,0,699
4925,0,699
2408,1,699
570,6,699
242,4,699
2275,7,700
3498,0,700
4652,2,700
3956,4,700
3530,3,701
1403,5,701
781,0,701
815,2,701
2999,3,702
2019,3,703
4279,7,703
3693,3,704
1472,0,704
1675,6,704
402,2,704
1699,4,704
401,1,705
2366,4,705
213,1,706
2357,6,706
4482,6,706
2569,6,706
405,4,706
1648,4,706
878,4,706
1263,4,706
759,0,707
4110,2,707
1692,3,708
2397,7,708
523,7,708
3597,0,708
3195,4,708
2141,4,708
690,0,709
600,1,709
890,2,709
1916,4,709
3924,1,710
550,3,711
3653,2,711
4256,5,712
1774,0,712
2364,4,712
2708,1,713
2709,2,713
1677,2,713
2118,2,713
3230,4,713
2551,3,714
3198,5,714
1597,7,714
741,4,714
960,3,715
356,2,715
3540,3,716
918,5,716
1379,1,716
3763,2,716
2386,2,716
2719,2,716
2494,4,716
1116,0,717
3682,4,717
1397,4,718
3675,3,719
3416,3,719
2016,7,719
1339,7,719
2039,0,719
4613,1,719
2807,6,719
2822,7,720
4042,6,720
1711,3,721
1659,5,721
1875,1,721
1771,2,721
3579,2,721
770,2,721
3730,3,722
2174,5,722
3628,0,722
1368,1,722
943,4,722
4122,7,723
3404,7,723
476,0,723
3609,1,723
520,6,723
3420,6,723
1649,2,723
4295,2,724
3030,7,726
4816,7,726
2084,1,726
4500,6,726
4750,2,726
938,4,726
2196,4,726
348,4,726
1887,5,727
3069,5,727
3789,5,727
153,0,727
2910,0,727
481,0,727
1579,1,727
4150,1,727
115,6,727
2425,2,727
3906,4,727
3819,0,728
555,6,728
1475,4,728
3829,3,729
3447,7,729
1708,1,729
4779,0,730
4085,1,730
2373,6,730
4832,3,731
2484,7,731
1002,0,731
4589,2,731
1039,3,732
3362,3,732
397,0,732
4645,3,733
4367,7,733
2003,0,733
2145,0,733
3323,6,733
4592,3,734
853,5,734
3000,5,735
3742,5,735
1215,0,735
4004,0,735
2663,6,735
2986,6,735
1458,2,735
2792,4,735
4289,5,736
2953,7,736
114,0,736
4426,1,736
3056,1,736
1042,6,736
2189,2,736
725,1,737
1387,4,737
3471,1,738
2970,4,738
1605,7,739
4340,1,739
3932,6,739
4893,4,740
2773,5,741
3753,7,741
2325,1,741
3373,5,742
3941,1,742
219,1,742
425,6,742
2686,6,742
4509,4,742
2814,4,742
3385,4,742
4874,4,742
2652,5,743
1758,5,743
156,6,743
498,7,744
4007,7,744
4174,4,744
818,4,744
1465,0,745
773,1,745
528,1,745
2178,4,745
4903,4,745
2784,3,746
1610,3,746
4857,1,746
1142,6,746
2938,2,746
2327,4,746
2336,7,747
796,0,747
2020,6,748
2250,2,749
4184,2,749
506,2,749
3528,3,750
229,5,751
828,6,751
2470,0,752
678,1,752
2307,2,752
2270,2,752
4760,1,753
3511,1,753
3995,0,754
1868,3,755
3114,3,755
2608,7,755
2658,0,755
4840,2,755
4720,3,756
508,7,756
4231,1,756
1570,2,756
3022,7,757
687,0,757
2213,0,757
2115,1,757
2659,6,757
1655,2,757
4429,2,757
2479,4,757
2387,4,757
2828,7,758
2168,7,758
4389,0,758
2929,6,758
1174,4,758
2310,5,759
4471,7,759
3837,2,759
492,1,760
3766,7,761
1596,7,761
2783,7,761
1160,0,761
3714,1,761
1915,1,761
2090,6,761
541,2,761
967,2,761
744,2,761
4347,4,761
3747,4,761
2841,5,762
4432,5,762
4131,0,762
692,0,762
3301,1,762
272,1,762
1410,0,763
1924,2,763
4285,2,763
3551,4,763
1535,4,763
4679,2,764
363,7,765
2553,5,766
1448,7,766
4293,1,766
70,3,767
2765,3,767
3453,3,767
1854,5,767
3340,4,767
4676,3,768
1584,0,768
3321,6,768
3026,4,768
1164,5,769
3926,6,769
3643,4,769
4693,3,770
2139,5,770
3741,7,770
4223,0,770
1432,1,770
4886,6,770
1366,1,771
4221,1,771
426,6,771
1056,4,771
2885,3,772
3848,5,772
2763,1,774
2491,4,774
327,5,775
3920,7,775
2598,0,775
1930,1,776
1198,6,776
4892,4,776
2867,4,776
2120,5,777
2026,5,777
368,6,777
4139,6,777
1832,4,777
4514,4,777
4521,7,778
1839,0,778
2590,1,778
1616,1,778
321,2,778
3124,4,778
891,4,778
190,0,779
2187,0,779
4473,1,779
1199,4,779
3925,3,780
3366,5,780
1965,6,780
2175,3,782
637,1,782
2035,6,782
53,6,782
646,4,782
132,1,783
1090,2,783
3424,2,783
4746,2,783
1873,4,783
2392,6,785
1060,5,786
1123,5,786
2483,7,786
2962,0,786
1241,2,786
1265,2,786
4048,1,787
2129,1,787
4824,7,788
3618,3,789
173,0,789
1457,0,789
4000,4,789
1499,4,789
2848,3,790
3952,3,790
2866,7,790
703,0,790
563,6,790
1938,7,791
86,0,791
4197,1,791
1896,6,791
4579,2,791
4537,2,791
4163,4,791
1191,7,792
1261,0,792
1654,0,792
3610,1,792
2513,6,792
3200,6,792
1314,1,793
2546,2,793
2835,7,794
3801,1,794
2937,6,794
3168,2,794
4975,2,794
108,4,794
1386,5,795
2240,5,795
3806,7,795
2712,7,795
444,0,795
2549,0,795
1755,1,795
1468,6,795
277,6,795
683,2,796
2880,2,796
3558,4,796
1580,5,797
16,6,798
404,4,798
1857,1,799
1260,3,800
4998,3,800
4456,7,800
672,1,800
4831,1,800
1127,4,800
3425,0,801
2064,1,801
205,6,801
387,3,802
1640,5,802
2246,6,802
2730,0,803
4609,0,803
2358,6,803
1628,7,804
3457,0,804
2890,1,804
2839,4,804
4460,7,805
4822,1,805
981,1,806
605,3,807
2801,0,807
949,3,808
3850,2,808
2216,7,809
2797,4,809
1078,4,809
3538,5,810
2979,6,810
375,4,810
2899,7,811
4555,0,811
1038,0,811
723,1,811
3865,6,811
2199,2,811
2523,4,811
1120,4,811
1687,0,812
553,1,812
1096,4,812
1831,4,812
314,3,813
731,3,813
1632,6,813
4316,4,813
3946,0,814
29,1,814
3176,5,815
4137,1,815
4132,6,815
2722,4,815
1737,2,816
469,2,816
3690,4,816
2954,1,817
3549,3,818
1656,5,819
298,0,819
3702,1,819
1402,2,819
1846,3,820
1883,5,820
4392,0,821
1134,0,821
1661,4,821
3894,3,822
3547,7,822
4010,6,822
1296,2,822
4530,2,822
2727,7,823
1607,0,823
1277,1,823
4767,6,823
4434,2,823
924,2,823
1994,4,823
4487,4,823
3278,7,824
2440,0,824
3652,6,824
4944,6,824
849,5,825
4909,0,825
4304,1,825
2134,2,825
4896,5,826
1880,7,826
2381,0,826
2338,6,826
3840,2,826
3940,4,826
1678,5,827
4002,5,827
2723,7,827
4393,7,827
3452,0,827
2203,1,827
895,6,827
4707,6,827
1421,2,827
595,4,827
2957,0,828
4398,2,828
4639,4,828
3210,4,828
3295,3,829
4684,4,829
3915,5,830
3912,5,830
694,1,830
1279,4,830
4327,4,830
4229,4,831
3565,3,832
3307,1,832
1200,6,832
4900,4,832
885,4,832
3647,4,832
554,1,833
3268,1,833
884,6,833
3605,6,833
3608,4,833
1229,3,834
2543,5,834
4370,6,834
1295,0,835
944,6,835
590,1,836
3733,1,836
1234,4,836
2892,4,836
586,4,836
3965,7,837
460,6,837
2319,4,837
2343,0,840
4926,1,840
4876,6,840
1590,5,841
4428,7,841
2237,6,841
3444,6,841
2498,4,841
988,4,841
1099,4,841
866,3,842
4829,3,842
1520,7,843
4155,0,843
2321,0,843
771,1,843
1974,1,843
145,2,843
1753,4,843
1406,0,844
4761,1,844
3203,4,844
2271,4,844
3501,3,845
4417,6,845
4597,6,845
3152,4,845
893,4,845
312,0,847
1500,6,847
545,2,847
82,2,847
1770,5,848
4061,5,850
4459,0,850
788,1,850
4294,2,850
2046,0,851
3704,6,851
2284,4,851
2961,7,852
3011,0,852
3701,1,852
4222,4,852
4572,3,853
3550,7,853
4396,6,853
3749,2,853
1361,3,854
4522,7,854
2956,0,854
3809,1,854
3873,6,854
695,2,854
2511,2,854
4099,4,854
3978,5,855
370,5,855
48,0,855
3905,0,855
2330,6,855
484,6,855
3803,0,856
2265,1,856
1315,6,856
765,2,856
999,5,857
3411,7,857
3140,2,857
249,5,858
2048,7,858
2902,0,858
622,1,858
806,6,858
1719,2,858
3502,5,859
2976,0,859
4485,2,859
1325,4,859
2616,3,860
4212,5,860
1729,5,860
1856,1,860
3533,4,860
2758,5,861
599,7,861
2422,1,861
1529,2,861
3954,2,861
4008,4,861
4678,6,862
1842,6,862
2413,2,862
1698,2,862
819,3,863
861,7,863
4038,1,863
3854,6,863
4755,4,863
4193,4,863
361,3,864
575,0,864
3387,1,864
971,6,864
1510,6,864
3971,5,865
3206,0,865
4378,1,865
1542,1,865
1186,7,866
552,0,866
4310,0,866
2831,1,866
1495,4,866
1715,7,867
4233,7,867
97,0,867
1927,0,868
850,6,868
3487,1,869
4287,6,869
1608,1,870
2308,7,871
1248,0,871
3059,6,871
4600,2,871
1578,2,871
1564,4,871
2623,4,871
4834,3,872
1773,6,872
2998,4,872
2332,3,873
538,7,873
4633,7,873
4242,0,873
1302,0,873
2946,1,873
3330,6,873
2685,4,873
2383,0,874
2825,4,874
3089,3,875
1445,3,875
1258,5,875
1623,6,875
3436,2,875
1284,4,875
3277,4,875
4813,2,876
2348,2,877
4308,4,877
2347,2,878
1303,4,878
3516,1,879
4956,6,879
2873,2,879
2194,0,880
3403,4,880
2684,4,880
1643,3,881
992,0,881
3092,4,881
487,7,882
1573,0,882
584,0,882
930,0,882
3177,5,883
4493,7,883
1826,1,883
4607,2,883
4418,2,883
4947,4,883
546,0,884
792,1,884
2161,1,884
2584,2,884
176,2,884
3677,5,885
3751,0,885
1231,6,885
1442,5,886
3136,5,886
2462,1,886
2914,4,886
1732,3,887
777,1,887
3222,1,888
2127,6,888
4992,5,889
3869,5,889
228,1,889
4671,1,889
3238,2,889
207,4,889
2391,5,890
2473,7,890
3438,1,890
3442,1,890
105,6,890
2834,2,890
2094,4,890
3737,0,891
4298,6,891
305,6,891
2595,2,891
1741,3,892
3187,5,892
4865,4,892
1629,6,893
2559,5,894
136,1,894
123,1,894
4052,7,895
211,0,895
4210,0,895
2433,1,895
2132,6,895
2379,4,895
536,7,896
4843,0,896
548,6,896
1613,3,897
2371,0,897
4899,6,897
1911,6,897
1622,6,897
682,2,897
2529,1,898
2746,5,899
448,5,900
1615,7,900
3380,1,900
441,6,900
2675,2,900
50,2,900
285,4,900
2158,3,901
2744,5,901
1271,3,902
4940,3,902
1778,7,902
4375,7,902
4124,7,902
4179,0,902
1341,6,902
4615,4,902
3945,0,903
2539,0,903
2186,3,904
167,5,904
1026,0,904
49,4,904
3877,4,904
3716,4,904
4066,1,905
2656,6,905
3678,3,906
377,2,906
4145,1,907
3095,2,907
17,4,907
3015,4,907
4015,0,909
1156,0,909
2065,4,909
1881,4,909
4219,5,910
2131,7,910
3361,0,910
1958,0,910
4621,7,911
4908,6,911
3211,2,911
435,2,911
951,1,912
4423,1,912
1515,2,912
4630,2,912
3824,2,912
1157,4,912
3526,5,913
2487,0,913
2036,6,913
1147,2,913
1205,3,914
2609,5,914
4022,1,914
3646,1,914
4643,2,914
1100,4,914
3962,3,915
2526,0,915
489,5,916
4104,1,916
4246,6,916
3029,4,916
4803,4,916
2926,5,917
3826,1,917
4240,6,917
37,2,917
2905,4,917
2768,5,918
4826,7,918
4733,7,918
2780,1,918
750,2,918
2404,2,918
4757,1,919
4518,6,919
1267,6,919
2224,2,919
1899,3,920
1763,0,920
1772,0,920
4548,4,920
2702,5,921
4405,7,922
3103,1,922
2881,1,922
1906,1,922
1280,1,922
2566,6,922
4885,6,922
613,4,922
252,4,922
2179,7,923
2010,0,923
609,0,923
2091,6,923
4336,5,924
3504,7,924
1765,6,924
4764,6,924
862,2,924
152,6,925
4642,2,925
1889,6,926
474,5,927
2362,7,927
2292,6,927
1786,2,927
384,4,927
1989,7,928
308,6,928
1878,2,928
2830,3,929
221,3,929
4993,5,929
2689,7,929
4880,7,929
434,0,929
4254,1,929
3505,6,929
1482,2,929
3096,4,929
1122,4,929
3254,5,930
3166,0,930
3769,0,930
2524,4,930
1439,5,931
2755,0,931
4838,2,931
4681,4,931
4082,3,933
4376,1,933
4945,5,934
4655,0,934
2575,6,934
454,2,934
2244,4,934
4100,4,934
1526,6,935
187,2,935
4864,4,935
2688,5,936
399,7,936
1346,0,936
3694,0,936
696,0,936
3813,4,936
4496,5,937
2934,7,937
1606,7,937
1532,7,937
3882,2,937
4168,3,938
3554,1,938
1006,1,938
3987,2,938
4699,2,938
868,2,938
4454,4,938
870,3,939
130,4,939
614,1,940
4013,1,940
3273,6,940
4536,2,940
1807,2,940
1504,4,940
2197,5,941
1837,0,941
2280,6,941
4056,7,942
2785,6,942
2716,6,942
1244,4,942
1176,4,942
1812,5,943
843,0,943
2774,1,943
3589,2,943
259,2,943
4447,4,943
3476,5,944
619,5,944
2942,7,944
3371,0,944
4517,1,944
138,2,944
1776,1,945
250,6,945
4906,2,945
2868,4,945
2698,4,945
1491,3,946
1009,7,946
1718,0,946
140,4,946
372,3,948
3556,5,948
2296,7,948
288,1,948
1694,1,948
2378,1,948
3173,6,948
670,6,948
2655,2,948
246,4,948
494,4,948
3770,0,949
537,0,949
4622,1,949
4849,6,949
639,4,949
1170,5,950
1252,6,950
547,2,950
1797,7,951
2112,0,951
2424,6,951
2510,2,951
1484,4,951
254,4,951
3393,1,952
41,6,952
2558,4,952
1004,0,953
4146,3,954
2613,7,954
697,0,954
1101,0,954
4361,1,954
1617,6,954
4331,4,954
3065,0,955
2006,5,956
4176,0,956
2697,6,956
1895,2,956
3968,4,956
4788,4,956
4828,1,957
510,4,957
1022,3,958
1353,5,958
4534,7,958
4188,1,958
2966,2,958
1128,2,958
1948,4,958
3625,3,959
4648,5,959
634,0,959
103,6,959
417,2,959
1939,4,959
4623,0,960
2267,6,960
1567,6,960
2468,0,961
3867,0,961
4160,6,961
1321,2,961
306,4,961
4868,7,962
1069,7,962
4311,0,962
3374,6,962
99,4,962
3134,3,963
3234,1,963
3564,2,963
3895,2,963
2054,2,963
3746,4,963
1625,1,964
22,6,964
3887,2,964
320,4,964
2882,1,965
867,2,965
1735,2,965
3390,2,965
3290,0,966
3413,1,966
223,6,966
1700,2,966
2266,3,967
2700,7,967
4601,6,967
4255,6,967
1163,4,967
389,4,967
4248,3,968
349,5,968
4586,5,968
3305,5,968
3237,7,968
2600,7,968
2018,1,968
1059,1,968
676,6,968
1492,2,968
196,5,969
2170,1,969
2775,4,969
3778,4,969
4801,5,970
533,6,970
311,4,970
3392,3,972
1577,3,972
1206,5,972
471,7,972
2887,1,972
1466,1,972
1088,1,972
418,1,972
2312,6,972
799,2,972
477,4,972
2218,4,972
662,7,973
2263,0,973
2984,0,973
1507,1,973
2031,6,973
905,4,973
232,7,974
2754,0,974
472,6,974
2122,5,975
2678,7,975
2671,6,975
133,6,975
1179,6,975
1651,2,975
2563,4,975
4400,5,976
4424,1,976
3497,0,977
3847,0,977
3308,6,977
4646,4,977
3612,4,977
3247,3,978
4491,7,978
3907,7,978
4966,0,978
1398,1,978
347,4,978
2228,2,979
3494,0,980
3864,6,980
4407,2,980
888,4,980
2818,5,981
1074,6,981
4749,2,982
1486,4,982
446,4,982
160,4,982
4049,3,983
158,0,983
1849,1,983
0,6,983
1217,4,983
2192,4,983
3890,0,984
3016,0,984
238,0,984
1023,6,984
1187,6,984
1557,4,984
3153,7,985
1785,7,985
4991,0,985
4525,4,985
89,3,986
2143,1,986
4721,2,986
1734,2,986
3604,7,987
3120,7,987
4717,0,987
3406,1,987
1415,6,987
171,4,987
4280,5,988
1328,1,988
4550,6,988
323,2,988
2930,2,988
2208,2,988
1866,2,989
2696,7,990
1944,7,990
1862,6,990
4390,4,990
3239,4,990
643,3,991
3621,5,991
58,5,991
4404,7,991
2736,1,991
993,1,991
1119,1,991
2945,2,991
3171,1,992
4158,4,992
2508,7,993
4371,4,993
4368,4,993
365,3,994
4464,5,994
4584,7,994
1338,1,994
4271,1,994
4014,1,994
1373,1,994
588,2,994
355,4,994
3994,4,994
1102,3,995
2776,0,995
557,0,995
854,6,995
1091,4,995
2664,6,996
4433,6,996
2005,2,996
4107,3,997
74,5,997
3681,7,997
366,1,997
38,6,997
2651,6,997
2104,7,998
4364,0,998
2461,0,998
1984,1,998
1690,3,999
6,7,999
4077,0,999
1347,0,999
3275,4,999
4192,3,1000
4097,7,1000
2883,2,1000
4101,4,1000
197,3,1001
4072,0,1001
912,6,1001
684,2,1001
3636,4,1001
2355,6,1002
730,5,1003
3632,0,1003
3146,6,1003
2757,7,1004
149,6,1004
422,2,1004
974,2,1004
328,4,1004
3311,4,1004
594,3,1005
4722,0,1005
2173,0,1005
142,1,1005
3709,4,1005
3012,5,1006
3532,7,1006
3781,7,1006
808,0,1006
1352,0,1006
2315,0,1006
1334,6,1006
1428,4,1006
606,3,1007
1663,1,1007
2346,2,1007
2390,7,1008
998,0,1008
4300,1,1008
1787,6,1008
107,6,1009
1035,2,1009
825,2,1009
4397,4,1009
2478,5,1010
1587,7,1010
3310,1,1010
4657,2,1010
3777,7,1011
4009,6,1011
181,4,1011
887,4,1011
4484,3,1012
1706,5,1012
3805,5,1012
3309,1,1012
1189,1,1012
3440,6,1012
824,2,1012
274,2,1012
4889,1,1013
1595,4,1013
4976,1,1014
209,4,1014
4576,7,1015
166,1,1015
1957,1,1015
4815,1,1015
3190,2,1015
4209,4,1015
137,4,1015
2580,0,1016
1614,3,1017
1919,7,1017
2587,6,1017
880,6,1017
898,2,1017
3046,2,1017
2116,2,1017
4719,4,1017
4286,0,1018
2423,0,1018
4927,6,1018
3637,4,1018
3627,0,1019
3088,2,1019
4627,3,1020
2128,5,1020
872,7,1020
901,2,1020
4262,4,1020
2107,3,1021
2329,6,1021
3053,2,1021
4913,2,1022
2586,3,1023
42,5,1023
851,5,1023
4520,7,1024
4538,6,1024
2782,2,1024
3699,4,1024
1935,4,1024
1959,4,1024
2323,4,1024
669,3,1025
1653,0,1025
94,0,1025
2286,1,1025
577,4,1025
2827,4,1025
3662,7,1026
3518,7,1026
1968,0,1026
3356,0,1026
3073,0,1026
3541,6,1026
2649,4,1026
119,0,1027
382,1,1027
4817,3,1028
2813,7,1028
3162,0,1028
2547,6,1028
3186,4,1028
324,3,1029
2644,5,1029
4383,6,1029
1485,2,1029
840,2,1029
1833,2,1029
4147,7,1030
1489,1,1030
3507,6,1030
2013,2,1030
184,4,1030
2299,4,1030
4016,3,1031
671,5,1031
4352,5,1031
3613,5,1031
4748,1,1031
4323,1,1031
4608,6,1031
790,2,1031
1822,1,1032
2574,4,1032
1272,5,1033
4399,1,1033
2570,6,1033
4786,4,1033
3119,5,1034
4772,7,1034
1218,1,1034
3363,1,1034
950,1,1034
4105,1,1034
3128,2,1034
4951,4,1034
675,5,1035
4020,0,1035
2806,2,1035
2342,4,1035
2369,3,1036
2374,7,1036
3931,6,1036
1332,6,1036
4355,6,1036
490,2,1036
2033,2,1036
3129,4,1036
3058,4,1036
1228,0,1037
2803,6,1037
2417,2,1037
892,0,1038
212,4,1038
3142,7,1039
1952,7,1039
4702,6,1039
1240,2,1039
2389,2,1039
2935,5,1041
3409,6,1041
4164,7,1042
3414,6,1042
4701,2,1042
728,4,1042
2441,4,1042
985,4,1042
900,4,1042
4544,3,1043
1528,5,1043
4120,7,1043
2469,0,1043
2320,0,1043
1789,1,1043
2165,1,1043
3468,1,1043
3665,5,1044
1738,7,1044
450,0,1044
2495,0,1044
2577,0,1044
1621,6,1044
1986,4,1044
973,6,1045
4541,3,1046
2503,3,1046
4575,7,1046
3445,0,1046
182,0,1046
4324,6,1046
4833,3,1047
4152,5,1047
3485,0,1047
4053,6,1047
4727,2,1047
1374,2,1047
400,3,1048
3294,5,1048
4322,5,1048
2432,5,1048
4326,7,1048
2027,7,1048
4088,1,1048
2677,1,1048
2109,1,1048
3084,6,1048
2401,2,1048
2124,2,1048
3154,4,1048
255,4,1048
2264,2,1049
4596,4,1049
4626,1,1050
3909,6,1050
2480,4,1050
4406,7,1051
2833,1,1051
52,1,1051
30,1,1051
1151,2,1051
2351,4,1051
3623,0,1052
1443,1,1052
3989,4,1052
1909,3,1053
4119,7,1053
4982,6,1053
4697,6,1053
4108,2,1053
1095,4,1053
4171,0,1054
3125,2,1054
4675,3,1055
193,0,1055
1162,2,1055
2253,4,1055
2922,7,1056
3970,6,1056
1683,2,1056
3593,2,1056
1879,2,1056
215,7,1058
2725,1,1058
4353,2,1058
445,4,1058
1292,4,1058
2515,3,1059
1976,7,1059
248,7,1059
3101,0,1059
3258,0,1059
1130,1,1059
3107,6,1059
2184,2,1059
3917,4,1059
310,5,1060
2591,7,1060
2506,0,1060
4415,0,1060
4763,0,1060
2136,1,1060
2493,6,1060
3332,4,1060
656,4,1060
1434,6,1061
1350,3,1062
3369,7,1062
2695,0,1062
3302,6,1062
2212,2,1062
1394,3,1063
3123,3,1063
846,5,1063
1538,5,1063
381,5,1063
4039,5,1063
4979,7,1063
96,7,1063
2359,1,1063
4946,1,1063
1113,6,1063
2258,6,1063
260,2,1063
3417,2,1063
3161,2,1063
256,4,1063
980,4,1063
2933,2,1064
3477,4,1064
2705,1,1065
736,6,1065
3560,4,1065
515,7,1066
225,1,1066
3324,1,1066
244,1,1066
1380,1,1066
3038,4,1066
3849,4,1066
4914,0,1067
620,1,1067
3270,4,1067
3005,3,1068
1093,6,1068
2407,6,1068
4689,4,1068
4994,3,1069
2742,7,1069
1947,0,1069
1250,0,1069
4732,2,1069
2183,4,1069
1950,7,1070
2941,7,1070
2331,6,1070
1388,6,1070
2411,2,1070
1884,2,1070
2863,2,1070
729,2,1072
4218,2,1072
4272,2,1072
1262,4,1072
1028,3,1073
202,7,1073
3405,7,1073
3076,0,1073
4640,0,1073
1932,0,1073
3573,1,1073
2415,6,1073
245,2,1073
641,4,1073
535,5,1074
3292,7,1074
3975,0,1074
2153,0,1074
398,0,1074
2232,1,1074
1502,1,1074
4401,6,1074
4673,4,1074
2030,3,1075
1892,7,1075
4820,6,1075
1342,3,1076
2952,5,1076
4587,5,1076
4346,5,1076
4282,5,1076
2690,7,1076
33,0,1076
3713,1,1076
583,1,1076
3773,6,1076
717,6,1076
1852,6,1076
1517,2,1076
1024,2,1076
1297,2,1076
2198,2,1076
2568,4,1076
1876,4,1076
2490,6,1077
2845,2,1077
4320,4,1077
4758,4,1077
964,1,1078
374,6,1078
188,2,1078
2079,4,1078
4716,3,1079
2261,1,1079
1139,1,1079
1275,1,1079
4916,6,1079
2582,4,1079
4836,4,1079
194,4,1079
1544,0,1080
2045,1,1080
3913,4,1080
3202,4,1080
3799,3,1081
1273,1,1081
98,6,1081
1201,6,1081
2838,4,1081
1040,3,1082
4783,0,1082
3410,0,1082
3358,1,1082
1571,6,1082
3510,2,1082
616,2,1082
3430,4,1082
2367,7,1083
4672,7,1083
817,6,1083
2552,4,1083
4988,1,1084
4999,6,1084
1452,2,1084
2912,2,1084
4332,4,1084
2635,3,1085
3451,7,1085
4435,7,1085
3112,0,1085
580,0,1085
2227,0,1085
1870,0,1085
3571,1,1085
1460,6,1085
3831,2,1085
3439,4,1085
4501,4,1085
1413,5,1086
163,7,1086
3250,0,1086
2788,0,1086
1627,0,1086
2927,0,1086
326,1,1086
3500,6,1086
3193,6,1086
2356,7,1087
3891,1,1087
778,2,1087
3900,2,1087
4043,2,1087
2665,4,1087
1411,3,1088
3231,5,1088
4810,5,1088
1015,5,1088
2955,5,1088
2525,7,1088
2205,0,1088
3407,0,1088
1450,1,1088
2148,6,1088
4665,6,1088
24,6,1088
1305,2,1088
1158,4,1088
4341,4,1088
1724,4,1088
2795,6,1089
1600,2,1089
10,4,1089
92,3,1090
2071,1,1090
4116,1,1090
3475,1,1090
827,1,1090
961,1,1090
3715,6,1090
772,4,1090
4680,4,1090
3868,4,1090
4658,4,1090
2854,4,1091
4796,4,1091
1360,3,1092
2135,1,1092
4288,6,1092
4808,6,1092
383,4,1092
3614,3,1093
1469,0,1093
688,1,1093
4258,1,1093
2177,6,1093
2171,2,1093
585,2,1093
1576,2,1093
3145,7,1094
3342,7,1094
2439,0,1094
2475,4,1094
539,3,1095
4711,7,1095
2322,0,1095
4089,0,1095
3642,0,1095
4683,1,1095
278,6,1095
4185,2,1095
569,2,1095
4792,2,1095
2627,4,1095
4662,4,1095
2339,4,1095
3666,5,1096
1455,7,1096
1405,7,1096
718,0,1096
3654,0,1096
4595,0,1096
527,0,1096
297,6,1096
1085,5,1097
284,7,1097
650,0,1097
1333,1,1097
1343,1,1097
3336,6,1097
1901,6,1097
1087,6,1097
3219,2,1097
3922,2,1097
855,2,1097
2285,2,1097
106,4,1097
3977,4,1097
848,4,1097
1362,3,1098
67,5,1098
2629,5,1098
2238,5,1098
1219,7,1098
1809,7,1098
4948,0,1098
2172,0,1098
1872,6,1098
4891,6,1098
2993,2,1098
1010,4,1098
638,3,1099
189,5,1099
1236,1,1099
1285,1,1099
1104,1,1099
351,1,1099
296,6,1099
2646,6,1099
899,4,1099
532,4,1099
1783,6,1100
293,6,1100
4559,4,1100
452,4,1100
3942,4,1100
4762,4,1100
4201,3,1101
1249,3,1101
2638,0,1101
711,1,1101
2324,1,1101
4603,1,1101
2043,6,1101
2078,2,1101
1266,2,1101
1801,7,1102
576,7,1102
4273,0,1102
4910,6,1102
4802,4,1102
1000,4,1102
3188,3,1103
2108,7,1103
2156,0,1103
4512,0,1103
753,0,1103
762,6,1103
842,2,1103
4265,2,1103
2305,2,1103
2681,4,1103
2985,4,1103
1798,4,1103
162,7,1104
76,7,1104
4121,0,1104
110,0,1104
2734,0,1104
2226,1,1104
2969,6,1104
2086,6,1104
3215,6,1104
46,2,1104
1474,2,1104
959,2,1104
1256,2,1104
1937,4,1104
2917,4,1104
4067,3,1105
3337,5,1105
1668,5,1105
1817,5,1105
2476,7,1105
2597,7,1105
1389,0,1105
442,0,1105
1819,1,1105
3587,6,1105
4134,6,1105
269,6,1105
2540,6,1105
4578,2,1105
4003,4,1105
1007,4,1105
4,3,1106
4409,5,1106
4973,1,1106
2435,1,1106
4955,1,1106
603,1,1106
2055,6,1106
3189,6,1106
1212,6,1106
757,4,1106
3143,4,1106
4092,4,1106
2248,3,1107
2909,3,1107
4290,0,1107
4861,0,1107
1364,1,1107
1997,1,1107
319,1,1107
2974,1,1107
1418,2,1107
1291,2,1107
1076,7,1108
1230,7,1108
286,6,1108
914,4,1108
4619,4,1108
4103,4,1108
131,4,1108
2255,4,1108
2823,7,1109
1834,7,1109
2147,7,1109
3508,7,1109
2588,0,1109
4457,0,1109
1399,0,1109
2737,0,1109
183,0,1109
2001,0,1109
4204,0,1109
3,1,1109
3448,6,1109
7,6,1109
4561,6,1109
2297,6,1109
4037,6,1109
3750,6,1109
3446,2,1109
493,2,1109
148,2,1109
430,2,1109
686,2,1109
1062,2,1109
1695,2,1109
2958,2,1109
4211,4,1109
3606,4,1109
2000,4,1109
544,4,1109
3469,4,1109
1784,3,1110
